Epoch      | Loss         | Accuracy (%)   | W2 Sample
-----------------------------------------------------------------
0          | 0.324659     | 50.0           | 0.0456
1000       | 0.240589     | 75.0           | -0.5440
2000       | 0.196030     | 75.0           | -1.3640
3000       | 0.120663     | 100.0          | -3.2705
4000       | 0.030459     | 100.0          | -5.6507
5000       | 0.012541     | 100.0          | -6.6992
6000       | 0.007368     | 100.0          | -7.2660
7000       | 0.005093     | 100.0          | -7.6424
8000       | 0.003847     | 100.0          | -7.9210
9000       | 0.003071     | 100.0          | -8.1409
-----------------------------------------------------------------
Training Complete